0.000	  32.80156577  1.695733994 
0.500	  32.0778343   1.719040542 
1.000	  35.55146732  0.915399336 
2.000	  38.73958273  1.749038729 
4.000	  42.95073321  2.065211639 
6.000	  44.32464857  0.900132124 
8.000	  47.14379361  1.104325106 
10.000    48.03205842  1.11257707 	
20.000    49.77083593  0.710813151  
30.000    50.13778193  1.601716809  
40.000    51.29431668  0.91272614 	
50.000    50.64822586  1.053520825  









































